426.112924 ,-219.959497 ,302.773753
387.406653 ,-252.033719 ,294.172163
363.839714 ,-282.604668 ,336.192564
422.037635 ,-353.101051 ,302.549954
396.932166 ,-381.985646 ,302.625409
440.917006 ,-374.112341 ,384.578364
448.326296 ,-322.333120 ,400.369051
382.190097 ,-381.922863 ,166.344258
338.953617 ,-402.101584 ,-13.532290
309.688843 ,-363.047647 ,191.224420
243.800219 ,-501.724324 ,236.759167
-74.634731 ,413.755287 ,458.592206
-274.208001 ,303.634077 ,385.988753
-349.711718 ,317.267447 ,347.940773
-342.917230 ,361.795336 ,174.919638
-411.951330 ,260.862062 ,7.263916
-372.039530 ,324.004080 ,-12.054189
-337.293296 ,356.352556 ,101.457982
-405.787667 ,309.680835 ,283.531883
429.218197 ,157.530133 ,504.490326
370.149713 ,186.396003 ,-481.118356
231.855589 ,199.533256 ,383.206526
291.631999 ,213.813327 ,365.445092
352.445069 ,221.446330 ,510.245330
212.179011 ,210.412674 ,-522.221370
115.193722 ,188.278026 ,453.709660
225.795537 ,294.922630 ,-513.394969
210.747680 ,247.019254 ,-389.286356
53.964843 ,205.329033 ,-393.804765
78.013211 ,187.634251 ,-331.026522
153.717632 ,256.968051 ,-336.531192
124.779792 ,219.722961 ,-221.072697
-25.918107 ,207.375547 ,-194.101398
-19.353230 ,231.384018 ,-236.046811
-12.487258 ,234.671111 ,-251.809393
153.866826 ,239.738946 ,-294.607696
459.526350 ,274.963711 ,-217.440520
253.583961 ,287.472554 ,468.916886
262.510731 ,307.764111 ,313.321931
287.103298 ,319.055198 ,147.141251
127.871360 ,241.002357 ,98.864476
17.669815 ,56.798097 ,284.395503
416.177459 ,150.076551 ,60.509897
-488.143361 ,214.037849 ,16.308773
82.717782 ,449.460661 ,33.048511
23.091740 ,435.123368 ,21.090292
-53.723665 ,281.451568 ,257.203235
31.777328 ,284.884274 ,281.246085
107.904154 ,244.638927 ,-35.635194
355.301900 ,334.929277 ,152.065751
-486.388544 ,491.209151 ,221.344239
-452.578535 ,466.012491 ,77.775441
242.415717 ,434.605586 ,374.843618
-257.610565 ,498.761658 ,365.284388
-382.925947 ,414.361174 ,73.827594
-412.092949 ,414.982416 ,77.474391
-418.456327 ,375.442169 ,143.864518
-222.586155 ,407.848007 ,253.055550
-41.459269 ,383.648402 ,461.863357
-212.945003 ,293.923532 ,513.273182
-182.871215 ,249.894541 ,-514.881761
-179.018112 ,244.641130 ,446.578714
157.790443 ,237.276807 ,299.743239
-276.661071 ,260.888547 ,-313.342588
-148.603199 ,105.549996 ,428.685766
-49.200018 ,231.647590 ,-436.932306
-173.778327 ,151.149290 ,474.350699
-345.263656 ,80.313829 ,447.127882
-332.798769 ,41.973921 ,-510.999919
-90.241101 ,4.080941 ,491.134386
-266.240209 ,-47.511826 ,-424.096956
-192.230029 ,-61.193197 ,-429.745502
-47.369811 ,-97.172248 ,-458.523883
-91.080497 ,-144.646241 ,-430.416719
-202.841720 ,-202.898960 ,-457.922188
-218.162513 ,-258.051916 ,433.618222
-211.404552 ,-327.463868 ,400.240965
-149.246055 ,-260.856065 ,-309.709202
-279.666622 ,-372.638604 ,-494.552210
-206.431700 ,-353.397526 ,-482.654655
-283.877754 ,-344.793069 ,-454.271723
-339.005423 ,-416.278167 ,-441.883701
-387.352168 ,-415.138125 ,-375.203874
-395.318611 ,-491.231099 ,504.023260
-455.506586 ,527.229904 ,406.557641
-502.745795 ,503.907216 ,354.311735
-396.857522 ,-501.697081 ,-511.671014
-450.440549 ,-491.827311 ,-462.429970
-459.026945 ,-469.185721 ,471.174839
-463.574207 ,523.783732 ,320.932607
465.376863 ,465.947483 ,212.928672
311.637749 ,-449.650947 ,163.084684
378.935728 ,-397.372246 ,196.051306
-485.791716 ,-270.147755 ,195.467811
-493.474084 ,-111.087905 ,40.212895
-432.425406 ,17.894473 ,316.347173
299.022972 ,152.746650 ,171.248901
248.127908 ,238.384503 ,52.791732
-13.747101 ,243.736703 ,-38.510352
-530.273690 ,324.079746 ,98.890365
327.898014 ,209.521562 ,328.540101
356.270216 ,305.367828 ,82.079936
185.576469 ,492.564300 ,189.935810
60.127509 ,-207.434840 ,94.890925
-70.783296 ,-101.911249 ,469.862032
37.372512 ,-135.280788 ,-452.035119
109.896421 ,-185.074819 ,-352.852615
144.150943 ,-255.088696 ,-398.608897
-70.297768 ,78.213455 ,-375.920526
-44.363582 ,-43.232949 ,-257.401366
-118.938227 ,46.221481 ,-454.397639
-188.136688 ,51.334690 ,-347.395997
-149.425073 ,168.167658 ,-350.875823
-59.369161 ,126.451672 ,-363.650691
-65.995618 ,178.641250 ,-284.853508
-68.035948 ,118.081811 ,-309.428635
-53.909784 ,36.310733 ,-393.563064
-40.893456 ,-15.845040 ,-379.740240
-85.617909 ,142.650205 ,-323.278779
-155.563461 ,23.174216 ,-232.235730
281.136432 ,-79.801343 ,-419.966080
481.502164 ,268.845540 ,-472.796127
365.318056 ,6.560629 ,-477.927761
286.474298 ,-142.288465 ,483.692228
132.372888 ,-242.900503 ,-492.927021
163.642091 ,-222.482211 ,-319.981417
95.110347 ,-91.031984 ,-188.276742
434.813011 ,-112.487303 ,512.706309
325.544400 ,-222.721054 ,-478.145462
179.704384 ,-228.199099 ,-423.215797
343.305424 ,-137.939186 ,-271.797319
485.684229 ,-217.137493 ,-309.383233
417.552385 ,-13.099298 ,-217.754974
424.852896 ,-32.301597 ,-226.568454
355.093858 ,-153.565796 ,-165.248423
-517.608963 ,-77.905104 ,-69.736855
-423.397337 ,-181.790198 ,30.983377
-468.090192 ,-208.283635 ,167.520253
-380.004758 ,-194.298307 ,315.688862
-370.585915 ,-92.251332 ,404.984495
-512.152381 ,-260.775564 ,286.524490
-495.622945 ,-245.447064 ,344.157422
-403.455485 ,-401.303972 ,385.355061
-256.337354 ,-331.541964 ,491.368012
-487.606059 ,-473.455383 ,-304.871227
448.397322 ,413.495654 ,-283.559181
419.559777 ,426.628515 ,-56.126168
387.666046 ,418.468516 ,-155.623186
345.652088 ,373.783307 ,-477.152260
434.995019 ,344.359273 ,-398.996394
493.927765 ,192.873303 ,-242.241786
-420.621451 ,125.902736 ,-94.333175
-472.885287 ,-1.623638 ,-419.458329
-359.882864 ,124.361557 ,-237.996371
-122.887258 ,155.909949 ,-123.772977
-71.470332 ,70.073504 ,-108.460484
118.749176 ,-82.812422 ,-151.671232
244.710076 ,-53.124532 ,-444.204851
216.877488 ,-76.920509 ,419.486624
122.104201 ,-37.592021 ,16.218373
36.592467 ,-16.979377 ,-105.677384
-89.905886 ,-9.299975 ,-202.912779
-101.019569 ,94.881467 ,-129.241572
-92.598506 ,118.799935 ,-199.167268
-89.104508 ,171.937255 ,-433.341402
414.442281 ,154.171331 ,389.181020
-389.727720 ,269.620179 ,323.583801
-351.703334 ,367.693257 ,-489.326623
-414.307245 ,332.649662 ,-504.803973
-519.119724 ,-485.678993 ,219.716666
392.780427 ,-442.974320 ,17.583961
339.532341 ,-450.404341 ,72.035990
367.816771 ,-435.234627 ,178.557022
66.668566 ,-402.738624 ,286.796513
3.045113 ,-238.679716 ,329.379649
113.509357 ,-261.876112 ,271.082080
-38.876267 ,-255.308066 ,214.184938
-54.522478 ,-270.356313 ,320.875356
-37.985750 ,-284.355398 ,-525.346107
42.843707 ,-78.228694 ,-413.498696
-257.477660 ,-35.743941 ,-511.528362
-440.418112 ,-54.269530 ,501.560802
-262.536724 ,-87.184810 ,-314.054528
-258.038377 ,-47.551194 ,-350.716158
-448.880288 ,-45.544924 ,443.930767
-452.756215 ,-400.417256 ,301.697257
495.404493 ,-428.974359 ,342.242664
472.384771 ,255.010944 ,376.832529
271.033174 ,423.758223 ,-501.152681
261.966841 ,451.734150 ,505.887249
257.688061 ,512.232856 ,423.856651
278.637868 ,409.723717 ,432.301837
316.288211 ,412.390445 ,432.113976
288.657103 ,340.303423 ,432.122972
247.802349 ,393.059367 ,-525.564444
155.380734 ,350.298471 ,-373.079632
121.430420 ,432.217214 ,-437.437323
111.436645 ,330.389027 ,-413.098992
175.104298 ,263.094710 ,-525.431073
214.813357 ,381.881699 ,-394.303836
49.164202 ,266.026331 ,-372.690688
127.772017 ,113.833067 ,-376.869142
194.945044 ,-44.575835 ,-125.768622
44.568205 ,-484.900152 ,-431.736467
405.375163 ,151.105514 ,501.104264
301.153419 ,-274.069726 ,497.360217
185.424654 ,76.171618 ,-438.419236
225.918248 ,84.140780 ,-344.211087
159.713184 ,0.535980 ,-464.649039
-26.340927 ,32.246830 ,-405.948821
-222.467025 ,73.294892 ,-86.703536
47.869913 ,62.036286 ,-290.895239
-128.488256 ,-98.706398 ,-339.236285
318.184539 ,-75.188204 ,-308.264825
171.513294 ,-252.205082 ,-398.743687
24.333442 ,-131.198885 ,-261.411053
56.101763 ,-159.053057 ,12.836764
-7.316189 ,-230.465127 ,-30.673863
-38.107103 ,-234.993971 ,-23.531889
140.264683 ,-68.148628 ,-401.741802
-367.771890 ,-463.275511 ,21.440508
168.477621 ,117.802572 ,374.640000
-92.741439 ,-128.559080 ,-166.405984
73.405301 ,-57.541125 ,-100.695905
107.862644 ,25.333405 ,201.712237
94.437210 ,25.511510 ,144.091908
57.406317 ,59.287307 ,210.773773
106.527032 ,25.841667 ,465.692679
206.072979 ,8.253716 ,510.602954
-69.670346 ,-98.900311 ,235.607975
258.861163 ,55.355110 ,382.803319
350.741285 ,82.866972 ,401.613268
430.532644 ,145.009295 ,294.680983
249.599090 ,72.970278 ,447.565154
-32.962305 ,35.735590 ,-467.094228
-171.008087 ,71.586879 ,-429.610154
123.513996 ,167.454941 ,-434.438197
234.908416 ,191.018072 ,493.309541
324.777768 ,215.112448 ,-438.877371
266.616761 ,282.160317 ,-398.248634
197.990930 ,292.207314 ,-425.849437
210.766808 ,397.643971 ,-336.564762
447.831815 ,-510.687918 ,-425.107655
-91.486773 ,-433.734996 ,-513.109553
254.123830 ,330.682448 ,-501.237147
337.282058 ,488.456784 ,-310.823160
402.080669 ,364.063395 ,-411.028815
379.939910 ,402.871763 ,-258.753930
-408.824850 ,190.982972 ,-325.031543
422.694962 ,471.316215 ,-183.676026
-506.392789 ,250.264515 ,-254.496546
-502.087932 ,364.429144 ,-221.093690
-468.697973 ,250.096214 ,89.698341
-391.762229 ,255.423817 ,105.047708
-436.542319 ,285.632268 ,23.168805
416.262832 ,389.972177 ,-271.200744
-483.520284 ,370.395846 ,-530.602705
-293.106245 ,41.661761 ,-222.756752
-511.259684 ,454.750090 ,-135.220752
-473.904273 ,367.616574 ,-44.667626
-535.521076 ,377.461759 ,-102.023462
-501.190281 ,180.828123 ,-319.332824
-477.076382 ,60.558933 ,-525.960569
-476.706968 ,159.533359 ,-328.238122
-408.397162 ,489.266104 ,56.614014
-324.141912 ,-490.228186 ,-22.536481
-424.011212 ,329.826194 ,-267.009260
482.821798 ,319.375839 ,-262.930423
397.057709 ,271.395194 ,-49.303569
379.459302 ,255.857126 ,-234.547340
392.902496 ,198.387212 ,-283.670348
425.752798 ,471.385290 ,-110.268693
238.407987 ,-309.059467 ,509.854305
-534.558175 ,320.426640 ,-56.680953
-514.472826 ,388.868899 ,-245.459659
-493.682257 ,383.201768 ,-266.554476
-397.604348 ,-492.826714 ,-399.768434
410.494281 ,499.120334 ,-258.733493
455.829311 ,473.852403 ,-307.960606
434.814184 ,507.080717 ,-356.740526
-510.927000 ,482.099217 ,-315.233026
292.955256 ,32.252089 ,-508.977010
-476.607194 ,-290.067004 ,-185.715431
-189.390288 ,-340.465602 ,165.850473
-236.099575 ,-498.550488 ,226.984832
-347.710748 ,-496.757151 ,-80.117203
-515.195366 ,-289.558740 ,-353.340618
-407.148422 ,524.852796 ,-340.160070
-124.163884 ,-450.183048 ,-422.067984
-28.893648 ,-414.142393 ,-431.230333
-34.208885 ,-389.311162 ,-158.444004
43.072922 ,-309.657870 ,-179.671257
-35.520079 ,-458.734236 ,-291.425280
73.665786 ,-180.796519 ,-322.940483
-1.022258 ,-288.296224 ,-361.215236
-35.068713 ,-325.446335 ,-252.723064
33.980846 ,-276.652296 ,-212.779160
38.892973 ,-252.631239 ,-266.953232
-8.950773 ,-268.854942 ,-228.278501
-8.593494 ,-256.970271 ,-348.881764
94.908585 ,-208.959773 ,-340.582629
142.082041 ,-177.025898 ,-311.046686
-472.627287 ,454.224996 ,23.663361
-126.142747 ,-70.274161 ,99.592961
-187.895744 ,490.501997 ,-514.413891
90.336910 ,-376.873451 ,-438.764933
-58.616480 ,-165.896224 ,-322.235848
-264.218549 ,-312.250537 ,-408.860325
-152.023916 ,-254.162751 ,-467.017384
-20.960273 ,-180.888570 ,432.750389
87.469012 ,-276.667081 ,398.804147
184.809923 ,-91.883288 ,382.911876
18.945628 ,126.234635 ,424.369639
-18.343167 ,48.972939 ,321.276932
194.154452 ,288.515569 ,353.844286
-8.383238 ,147.379540 ,317.910447
91.120926 ,10.085688 ,186.036461
180.921149 ,-226.813052 ,352.965059
-11.250644 ,-153.409634 ,432.751173
86.710916 ,-11.792853 ,472.717628
310.664418 ,303.263070 ,299.081817
161.583076 ,253.137716 ,502.539919
-10.307831 ,-51.218946 ,502.860669
-17.057998 ,-146.311669 ,-488.488149
-119.378393 ,-285.785203 ,-351.863849
-256.032441 ,-393.610235 ,-335.628883
-330.169494 ,-469.793062 ,-272.455432
-284.084304 ,-377.341895 ,-277.765977
-207.139310 ,-353.128249 ,-342.797467
-117.813759 ,-209.589642 ,-297.538776
-129.878333 ,-209.313047 ,-285.239356
-238.884253 ,-397.406762 ,-321.738347
66.296171 ,-415.850263 ,-267.393464
52.909522 ,-346.381235 ,-279.434414
213.465477 ,-322.066466 ,-271.470925
328.299562 ,-237.991895 ,-280.645169
267.043134 ,-319.913561 ,-369.638423
369.582673 ,-235.474879 ,-321.059661
-506.133759 ,-159.900092 ,-307.696500
-512.966317 ,-81.873588 ,-295.280992
485.733825 ,-229.176998 ,-269.197854
491.488857 ,-270.731562 ,-218.606942
435.460564 ,-305.812037 ,-178.176797
313.888916 ,-306.744554 ,-196.785889
286.454340 ,-363.451269 ,-299.891275
116.127467 ,-302.368782 ,-82.134736
57.046974 ,-216.081443 ,61.675703
-176.083924 ,-329.194124 ,-141.873694
-388.930029 ,-387.061948 ,-177.601741
-271.490647 ,-453.378086 ,-80.427718
-230.490941 ,-430.146425 ,-150.521471
-206.837491 ,-415.063494 ,-145.370364
-242.001887 ,-327.531039 ,8.808897
-414.293206 ,-336.239394 ,-116.192776
-446.559967 ,-340.822971 ,-156.243758
-418.861864 ,-317.460329 ,-308.432848
-389.468726 ,-309.581462 ,-392.480698
457.379498 ,-400.103808 ,-396.982711
439.807213 ,-305.000693 ,318.280839
444.910096 ,-272.466063 ,190.698573
-512.542607 ,-159.310316 ,-57.675242
-471.075644 ,-132.822001 ,-234.403369
-356.743694 ,-187.167709 ,-250.822059
487.031667 ,-303.511907 ,-218.644360
342.881343 ,-409.232474 ,-83.492038
-312.466198 ,-181.123006 ,-219.570701
-288.155863 ,-131.945389 ,-487.073791
-240.396352 ,-112.123318 ,500.430423
-370.139867 ,-140.503599 ,516.775998
-408.619253 ,-198.554505 ,-453.364344
-232.563953 ,-243.896380 ,-512.038419
-208.487374 ,-483.124961 ,466.370192
-293.499364 ,-294.413653 ,-454.129884
-90.078741 ,-189.675514 ,-442.741738
-229.963047 ,-56.959532 ,-441.781681
-97.505386 ,-165.273517 ,-430.421730
88.161047 ,-103.489893 ,-459.229379
176.884864 ,-93.181966 ,-422.953251
81.398509 ,-120.554212 ,-406.781213
213.378931 ,-80.256336 ,447.469020
197.820069 ,-169.795204 ,505.073531
293.012207 ,-40.377884 ,464.616231
196.999007 ,-69.398724 ,-431.753343
229.688799 ,-61.541662 ,-489.595661
433.550504 ,25.856294 ,-493.975108
393.813305 ,-32.200469 ,-530.589780
428.362379 ,-128.084932 ,-527.446536
457.016002 ,-107.904015 ,-515.319007
462.612176 ,-40.464234 ,479.481230
449.755105 ,51.127294 ,269.935761
463.600933 ,-16.799239 ,184.080045
-527.073027 ,-142.640256 ,377.722464
-507.075812 ,-134.267615 ,456.302820
252.312520 ,-152.050810 ,-523.092914
131.601106 ,-197.958745 ,-526.055588
126.810985 ,-358.788514 ,414.185287
106.438439 ,-358.432159 ,374.082487
17.377017 ,-325.680786 ,226.004759
-134.980943 ,-341.447298 ,256.474601
-152.582101 ,-410.218543 ,293.149770
-326.313338 ,483.079439 ,460.008134
-414.913007 ,516.139606 ,-464.255929
451.656744 ,477.025639 ,-514.216690
-520.912575 ,-471.258867 ,516.940117
-411.411768 ,526.475193 ,502.479485
487.663596 ,265.531811 ,-320.743548
167.621619 ,-92.738682 ,-286.548268
39.275112 ,-122.751461 ,-200.286310
97.396039 ,-25.414217 ,-233.620111
80.360059 ,21.886796 ,-109.326370
178.196712 ,-7.687683 ,-15.480795
223.293189 ,100.594832 ,110.355066
298.580760 ,192.411292 ,94.404865
292.070419 ,222.232653 ,243.086883
311.657690 ,237.630229 ,374.127149
371.103311 ,304.037684 ,-477.410730
344.381284 ,209.412533 ,459.567764
299.386204 ,225.964933 ,477.310179
404.990845 ,377.926526 ,-365.565991
447.627479 ,473.891770 ,-381.341403
432.947722 ,-375.394189 ,-412.545689
459.029205 ,-490.027715 ,-351.704155
471.344380 ,485.516089 ,-374.448814
475.909246 ,514.820993 ,-381.410987
-451.058173 ,-495.026743 ,-326.075944
-388.116278 ,-387.371617 ,-338.437506
-423.300623 ,-255.183511 ,-365.985073
-498.628946 ,-334.963832 ,-391.968466
485.237105 ,-340.123610 ,-391.770624
115.609424 ,155.360557 ,-516.583630
78.636127 ,365.636776 ,511.912136
37.487860 ,-155.931479 ,-389.139776
139.360682 ,-197.829814 ,-365.264048
-5.123412 ,-269.078706 ,-306.965860
64.876340 ,-171.947372 ,-315.886569
301.401399 ,-230.748756 ,-415.102726
-522.921237 ,-171.695929 ,-328.610189
-235.293126 ,-132.954891 ,-429.656900
-208.300330 ,-114.475546 ,-421.020322
-336.037291 ,-143.003053 ,-462.374682
-404.131691 ,-174.371882 ,-423.624104
-503.721837 ,-253.548523 ,-398.785435
406.873505 ,-296.825323 ,-324.859647
-433.921185 ,-300.104487 ,-453.421415
432.407826 ,-321.822662 ,496.600473
-427.276772 ,-218.841232 ,-407.853854
497.212363 ,-184.582522 ,-351.338352
360.126051 ,-178.289316 ,-382.091878
494.459097 ,-193.353665 ,-449.237523
-294.522266 ,-228.637688 ,500.493426
-288.259606 ,-291.124072 ,-487.365770
-373.360884 ,-146.894997 ,-180.736442
-408.468374 ,-67.970362 ,-2.099002
-336.768454 ,-228.586464 ,39.194680
-426.882499 ,-500.749339 ,-338.447377
414.998243 ,-473.842206 ,-524.517158
167.489541 ,-381.931781 ,-423.435762
-5.102247 ,-257.066128 ,-361.136958
280.593405 ,-91.615328 ,-262.650306
285.426816 ,-320.129423 ,-275.332118
215.308912 ,-256.280400 ,-229.403552
-105.370883 ,-71.398835 ,-278.118741
-123.708805 ,-74.634852 ,-367.187134
21.857127 ,-190.359692 ,477.966017
3.809850 ,-153.593593 ,506.096591
59.569772 ,-201.586385 ,-501.219183
43.670095 ,-126.625697 ,-376.880432
-36.415437 ,-47.226604 ,-458.488185
-17.517635 ,26.819269 ,-433.974582
-89.005853 ,10.479806 ,218.426334
-45.158919 ,-84.143880 ,71.182242
-15.433573 ,-10.520217 ,-10.998331
-0.271948 ,-19.328826 ,78.064190
-16.566877 ,12.235086 ,120.161539
-27.863865 ,-3.235517 ,45.019923
-259.882359 ,-17.656513 ,-107.657073
-162.285583 ,-82.100729 ,-162.468234
-84.142300 ,-87.536048 ,-342.939126
-109.152343 ,-189.197106 ,-400.687286
-175.868986 ,-121.975231 ,-363.510753
-310.364675 ,-79.373260 ,-378.477350
-319.047979 ,-70.564505 ,-392.402013
-274.647419 ,-62.849401 ,-392.615157
-460.645249 ,-152.599002 ,-522.940069
-434.018798 ,-343.482679 ,429.321876
472.876128 ,-353.956596 ,421.163210
449.443135 ,-521.472649 ,323.078202
312.633986 ,363.849437 ,337.642663
377.197068 ,430.158547 ,-508.677107
347.276336 ,455.107881 ,-456.033172
332.667261 ,395.016898 ,-368.660632
357.370264 ,223.006535 ,-477.489325
375.066392 ,290.156256 ,498.018633
223.723804 ,7.700378 ,410.866257
246.081308 ,73.076234 ,465.064992
304.958725 ,-33.740622 ,447.085631
181.484794 ,-107.305743 ,426.604644
219.310434 ,-43.986206 ,480.720407
301.170201 ,-54.270282 ,-420.021732
276.471994 ,-200.698068 ,-353.734153
290.919917 ,-156.000856 ,-344.985170
267.828409 ,-335.667491 ,-460.575888
347.797799 ,-295.916947 ,-509.860841
353.838160 ,-479.009561 ,-268.981676
252.165585 ,319.407018 ,-64.206997
226.415524 ,365.225100 ,95.091900
185.364652 ,-413.965176 ,245.960429
72.335641 ,-346.377431 ,-52.272625
287.946327 ,2.631659 ,270.675068
417.202813 ,230.396310 ,-477.782074
353.974233 ,322.181163 ,-213.317023
399.328567 ,3.127186 ,-69.037967
367.034098 ,-18.618178 ,-32.201156
455.581604 ,434.450306 ,-94.755812
-400.547699 ,-357.762458 ,-375.030881
-400.271605 ,-381.908787 ,-329.624418
-519.820252 ,-342.882067 ,-234.539818
-459.279802 ,-299.083426 ,-185.820712
-359.119777 ,-268.206176 ,-123.342886
-270.790621 ,-460.997922 ,494.700446
-200.502119 ,-299.822487 ,503.377581
41.328979 ,6.492149 ,-464.031994
105.829846 ,62.168871 ,453.525860
171.390054 ,190.535280 ,-508.063760
182.179536 ,79.608278 ,-489.093044
25.456771 ,-131.626363 ,-483.434339
-10.282417 ,-158.445275 ,-422.114927
141.068010 ,-104.516225 ,-410.553562
217.709247 ,-137.340188 ,505.031343
290.811563 ,-175.333698 ,439.905213
382.970442 ,-94.209180 ,-502.677601
414.756498 ,-82.573740 ,-396.180991
401.759130 ,-167.319314 ,-527.382431
251.411175 ,-177.950815 ,447.094778
273.525354 ,-256.245428 ,464.319317
225.180073 ,-97.736862 ,-465.164803
315.457492 ,-127.384663 ,452.104288
342.819842 ,-124.501048 ,451.969498
400.021334 ,-97.968681 ,-469.556702
363.956816 ,-109.208693 ,-408.206997
345.828495 ,-223.043749 ,-420.560514
288.578484 ,-66.298228 ,431.376195
34.343911 ,7.917564 ,238.768063
102.672483 ,10.004319 ,275.133502
391.306169 ,-141.149305 ,421.971888
363.264684 ,-128.319381 ,492.065566
299.357446 ,44.301837 ,-468.779887
275.566398 ,-3.840671 ,373.868196
224.637964 ,39.979927 ,94.503324
173.935649 ,-43.977130 ,-39.999953
-108.194857 ,-273.705893 ,-240.016453
122.102878 ,-206.012205 ,-307.501337
112.547576 ,5.893733 ,32.080682
57.607859 ,83.251874 ,70.963709
85.750405 ,119.082377 ,119.834043
-13.413641 ,36.309120 ,74.737387
-66.428350 ,98.095971 ,136.308069
11.730710 ,-19.581860 ,78.002274
97.888975 ,-99.442823 ,-23.979066
58.314798 ,-69.366378 ,-118.122009
-1.910729 ,-28.524082 ,-240.110052
321.197973 ,-233.087672 ,430.902695
301.479965 ,-232.980399 ,261.431997
417.523944 ,-358.384166 ,199.421716
346.210555 ,-405.215843 ,260.886483
325.089649 ,-392.554072 ,318.707276
240.722154 ,-227.997438 ,394.612636
233.141376 ,-252.235672 ,298.457921
243.834233 ,-210.776674 ,385.887531
237.234382 ,-215.882272 ,356.193161
253.915789 ,-261.331121 ,294.838521
219.875084 ,-194.833077 ,312.616633
139.174661 ,-201.678003 ,370.706613
56.013991 ,-239.729609 ,365.817962
179.048585 ,-324.114588 ,106.304807
64.600210 ,-420.356572 ,89.232266
68.654070 ,-432.687160 ,15.765991
66.244185 ,-477.650869 ,-0.037768
49.232104 ,-501.381866 ,73.428583
-66.507770 ,521.930093 ,96.879564
-156.747798 ,406.215216 ,118.106893
-281.093877 ,384.498978 ,55.769728
-337.086428 ,328.798104 ,174.829150
-381.524044 ,439.101669 ,374.549981
-376.890358 ,452.925287 ,418.255744
-495.879364 ,332.520876 ,381.932252
440.270370 ,72.261662 ,364.423980
231.898906 ,-183.073534 ,258.383619
355.360253 ,-254.983921 ,203.426317
264.704505 ,-370.540598 ,306.819743
275.790427 ,-298.320984 ,188.020588
286.104884 ,-241.262890 ,285.969781
267.873394 ,-207.861156 ,364.791853
286.910010 ,-147.605972 ,418.998181
278.245577 ,-251.172755 ,-497.185384
261.732253 ,-302.569280 ,-408.038954
157.578705 ,-357.200797 ,-259.012217
190.316921 ,-378.555125 ,-205.026006
196.403729 ,-276.472880 ,-134.943046
139.034497 ,-259.526076 ,-43.713691
122.213173 ,-274.743499 ,-43.655534
91.828226 ,-163.139497 ,82.572879
151.385307 ,-18.750762 ,250.356976
174.861829 ,93.180909 ,229.464509
290.573742 ,286.339830 ,274.679291
263.355886 ,430.598759 ,317.039655
322.431635 ,469.186725 ,337.786071
297.920208 ,454.430294 ,502.211804
124.999854 ,314.218883 ,366.482718
486.087674 ,-189.815294 ,-503.381225
170.316788 ,270.068274 ,399.384678
-512.524590 ,-452.479511 ,474.975761
373.923598 ,-435.093111 ,327.119904
413.918743 ,-226.502512 ,369.254369
209.591802 ,509.226751 ,116.420615
181.351218 ,378.369377 ,140.799021
422.105672 ,99.253559 ,-226.312640
404.334772 ,381.610658 ,-250.177079
110.277846 ,-247.040359 ,-171.159446
307.987274 ,16.623869 ,-365.733292
311.216834 ,-279.484698 ,-460.694785
313.328745 ,-414.232554 ,-321.100143
234.336366 ,-135.918573 ,-423.325923
307.983896 ,-149.461939 ,-357.297661
273.316766 ,-46.663618 ,-365.672086
255.441435 ,-212.111940 ,-213.794386
275.927433 ,-209.077003 ,-210.397366
264.094773 ,-193.433563 ,-308.205188
294.393473 ,-156.089981 ,-353.743934
428.711131 ,-176.300173 ,-396.424669
502.921274 ,-202.078271 ,-391.607488
391.305771 ,-289.579404 ,-326.514792
507.701156 ,-255.898737 ,-437.183110
456.780253 ,-114.683233 ,-440.159233
-505.988763 ,-147.934639 ,-386.342607
-435.963286 ,-88.592221 ,-243.242675
-465.288397 ,-13.453429 ,-176.524253
-440.996202 ,-22.654833 ,-197.643492
-284.667129 ,44.966562 ,-210.556742
-369.204816 ,3.388147 ,-267.889725
-394.778239 ,-84.320655 ,-271.416298
-372.455710 ,-0.041927 ,-288.857345
-313.062709 ,21.252981 ,-259.403514
-474.220494 ,17.774032 ,-234.110530
-381.798518 ,39.927995 ,-300.973206
-262.368666 ,-87.248764 ,-347.270610
-273.514159 ,-125.101047 ,-359.520249
-327.507925 ,-9.707396 ,-325.816660
-232.764780 ,-76.015630 ,-487.254603
-240.435182 ,-117.392089 ,-494.284020
-319.806120 ,-344.064261 ,-469.819909
-201.270975 ,-43.662178 ,-408.689038
-194.926362 ,-175.353583 ,-442.178624
-486.300720 ,-120.554780 ,-325.207373
-213.793192 ,-48.363127 ,-284.513967
-168.790802 ,-61.483843 ,-317.983583
-208.974861 ,-109.067158 ,-309.124474
-149.885619 ,-41.291363 ,-412.444090
-333.302941 ,42.165781 ,-411.351673
-312.936126 ,74.439035 ,-505.797462
280.790749 ,-38.456202 ,-523.029972
269.905195 ,-103.883133 ,-472.397733
434.322199 ,-98.078151 ,-132.336985
417.157423 ,-19.817930 ,-111.127332
278.692922 ,-34.223417 ,-122.682041
272.461858 ,-53.207220 ,-168.137272
-516.726392 ,-93.696060 ,-179.904684
-527.323892 ,-150.646443 ,-221.911002
-384.503237 ,-248.902458 ,-268.275015
-412.072138 ,-284.334899 ,-91.634480
-342.287737 ,-180.252682 ,-86.556006
-509.763555 ,-12.553981 ,-197.272858
455.296214 ,-98.663392 ,-211.112794
450.706347 ,-131.393248 ,-184.926990
-496.407727 ,-131.811038 ,27.952689
-304.840162 ,-25.159562 ,2.693605
-365.703904 ,-191.991443 ,-152.887900
-324.723873 ,-223.703753 ,9.423210
-83.769808 ,-228.490908 ,169.011814
-265.434307 ,-188.631619 ,2.191457
-400.712784 ,-210.502105 ,-271.617788
-321.027610 ,-187.815734 ,-193.316717
-463.451726 ,-46.779794 ,-403.856136
-276.778228 ,-217.822226 ,-6.544923
-315.703520 ,-445.709516 ,-181.580742
-279.490937 ,-429.374151 ,-293.618580
-166.091154 ,-455.889398 ,-240.054821
-111.430380 ,-408.267888 ,-60.186334
-143.709461 ,-424.867409 ,-47.814432
-118.487108 ,-420.068555 ,28.984442
-110.921056 ,483.309636 ,228.148233
-176.762704 ,397.849307 ,43.022966
-118.887501 ,510.735157 ,-6.014475
-24.824197 ,-463.641681 ,-11.782919
-117.003880 ,-473.867216 ,-42.796712
-147.737508 ,-371.333050 ,-150.837073
-128.370553 ,-318.072508 ,-133.356721
-245.142760 ,-300.092786 ,-162.444612
-299.663687 ,-229.762946 ,-177.769708
-360.200733 ,-204.257200 ,-173.916575
-462.581924 ,-132.972446 ,-218.713661
502.309426 ,-198.410969 ,-284.959651
404.605045 ,-187.776389 ,-326.395806
356.560516 ,3.377002 ,-427.192037
342.179783 ,100.700053 ,-357.013033
183.691919 ,-39.456333 ,-295.273448
83.500349 ,-78.907744 ,-315.810948
-210.118094 ,-24.487686 ,-433.082795
-155.765585 ,-74.146638 ,-470.163753
-98.486700 ,-170.536294 ,469.877760
-359.919726 ,-65.752771 ,-122.966758
-390.000394 ,0.471019 ,-210.099226
-217.048072 ,304.423765 ,-420.205757
-176.945612 ,-72.250280 ,327.110668
-377.864997 ,72.423108 ,487.488050
-245.565756 ,-30.810740 ,-515.076609
-220.731751 ,-84.866387 ,-457.613696
-389.774469 ,-318.051278 ,-296.345711
372.769173 ,-384.854041 ,348.196095
-391.938638 ,353.373232 ,-267.130194
457.737501 ,-429.433006 ,-346.341702
432.208568 ,-383.699073 ,-230.748175
414.819551 ,-337.980946 ,-29.536347
149.552603 ,-374.400633 ,-295.714163
150.872203 ,504.847913 ,-117.540693
213.639717 ,202.503364 ,-97.439683
161.853332 ,149.869040 ,-146.219845
163.981276 ,269.397423 ,-42.869452
109.190850 ,175.459959 ,-4.301965
22.973137 ,38.840332 ,-14.600586
26.475125 ,14.699125 ,70.997128
44.998054 ,-77.199439 ,177.371386
81.206854 ,-245.839291 ,152.401822
77.258800 ,-309.723582 ,180.275254
-136.095701 ,-241.423565 ,62.617980
141.464463 ,358.148654 ,-23.361283
256.326980 ,418.171143 ,61.820951
194.227867 ,495.788318 ,160.178664
202.914240 ,480.109463 ,202.061301
278.914007 ,425.073731 ,313.453521
298.289807 ,478.330908 ,329.185658
178.235118 ,444.810051 ,485.325252
210.113636 ,-495.464197 ,434.485600
215.672920 ,-417.838829 ,369.917738
440.762485 ,-305.364217 ,129.473635
-513.143757 ,-219.184707 ,311.080281
393.245507 ,-186.535371 ,224.336096
392.318348 ,-150.120650 ,257.622863
466.991506 ,-182.943878 ,199.490846
-363.299460 ,-77.719981 ,-82.763688
-359.237118 ,-69.447001 ,-243.600314
-327.149755 ,-250.388171 ,-420.661596
-248.201777 ,-84.274560 ,-450.479315
-232.863249 ,-93.150488 ,-396.381090
-162.231340 ,-64.949041 ,-244.600672
-73.724674 ,-177.714745 ,-336.165522
85.940341 ,-176.001322 ,-398.165540
159.195325 ,-219.204630 ,-472.042841
424.726233 ,-294.021028 ,-478.784272
-500.029764 ,-421.525130 ,-435.824445
-179.869642 ,507.701832 ,-477.711945
99.656746 ,-429.339774 ,312.801189
-161.344288 ,-442.593363 ,466.203312
-167.337856 ,471.185547 ,-432.390961
-285.748235 ,456.544879 ,-340.907135
-68.117309 ,526.461574 ,-284.203484
-185.393616 ,487.348078 ,-316.890036
-65.079696 ,-430.487856 ,-324.437140
234.115785 ,267.362470 ,-349.160855
97.882256 ,339.818730 ,-142.046945
57.468560 ,368.497418 ,-63.119984
-144.134827 ,405.729930 ,-2.581847
-183.753610 ,320.152375 ,51.656797
-296.183128 ,99.501346 ,149.724086
-186.565766 ,265.038350 ,158.207882
-57.746986 ,73.832857 ,214.886388
127.594127 ,-81.863805 ,472.379552
295.131745 ,-128.278838 ,-275.029256
80.591620 ,-175.198612 ,-18.785228
49.592736 ,272.247674 ,198.967974
12.974036 ,487.408804 ,112.142669
-153.358856 ,397.572125 ,161.777744
-31.219727 ,509.424326 ,288.973888
160.969860 ,-449.989150 ,134.136670
21.118600 ,516.584191 ,75.443153
-20.342948 ,517.569545 ,136.842956
-131.636448 ,-444.036780 ,16.770575
-102.543682 ,-456.650404 ,77.784166
-191.833181 ,-447.853500 ,74.761146
-89.378619 ,-351.361849 ,90.147388
-184.886862 ,-349.532805 ,-10.753746
-82.502655 ,-234.124817 ,-60.014428
-254.018717 ,-275.755620 ,-202.562204
-234.496386 ,-213.968040 ,-251.497186
-320.061597 ,-212.224608 ,-284.271012
-375.406558 ,-292.213182 ,-193.230152
-374.966462 ,97.078580 ,-192.517035
-484.053884 ,-66.942858 ,-312.883214
494.655489 ,-63.403201 ,-345.858090
-507.318149 ,-82.173891 ,-394.955774
290.559155 ,53.154350 ,-459.977758
-136.670043 ,-297.389180 ,-273.129291
-298.881481 ,-238.646776 ,-296.665147
-289.654162 ,-143.395850 ,-140.950813
-475.933026 ,-274.868459 ,-383.233414
-515.564885 ,497.470159 ,-479.508392
436.304361 ,477.320675 ,-529.871017
-473.275910 ,-152.106984 ,-398.754900
101.154278 ,-416.171788 ,-40.311282
103.254912 ,437.021043 ,90.609898
32.728236 ,525.066885 ,117.355223
299.543193 ,44.231152 ,-505.492399
62.794996 ,144.947404 ,-194.670307
147.067752 ,341.793971 ,-388.786170
90.356851 ,310.407725 ,-227.722469
60.545620 ,365.124711 ,20.769906
92.446345 ,436.819672 ,-145.337190
75.640815 ,445.637501 ,-248.376585
188.707958 ,431.269470 ,-179.055331
143.308039 ,309.364564 ,-187.787726
49.489390 ,365.017587 ,-166.227166
-104.564847 ,404.848043 ,-29.008508
63.691951 ,404.656470 ,-87.559687
91.718744 ,442.248256 ,-22.952053
113.479162 ,403.584626 ,-100.053699
89.652354 ,343.303246 ,-224.162085
193.973245 ,206.025492 ,-291.378657
155.452721 ,173.880585 ,-336.692759
121.327039 ,252.431597 ,-352.107166
-21.308178 ,177.661019 ,-306.062059
147.514206 ,312.431113 ,-355.627309
356.647258 ,347.670660 ,513.952095
381.525127 ,314.205118 ,477.051798
390.947946 ,293.094312 ,394.801084
457.706152 ,251.615116 ,242.292860
-400.171379 ,224.631884 ,201.183162
-108.153743 ,192.528675 ,203.125433
-68.543277 ,46.151084 ,90.771194
-19.180923 ,8.562662 ,-26.677549
-67.682188 ,78.450829 ,-215.102450
-83.798654 ,9.730951 ,-132.982540
-15.190196 ,-60.412592 ,147.991606
160.787059 ,-205.940644 ,180.038322
363.106786 ,-225.657065 ,245.396469
467.347974 ,-208.838026 ,236.152868
409.358666 ,-341.186378 ,47.404910
-502.538805 ,-273.372796 ,130.865581
-402.521835 ,-239.006641 ,207.335858
-502.542852 ,-92.929938 ,405.658837
-471.986153 ,-98.615362 ,487.655625
-347.162341 ,-231.147386 ,413.350151
-296.771290 ,-294.885769 ,199.699102
-256.819506 ,-242.062365 ,215.325097
-135.542550 ,-100.689106 ,391.528479
-205.880427 ,-52.343319 ,-478.607927
-258.275617 ,-11.399020 ,-453.790148
-142.221258 ,-140.241203 ,-503.569657
12.487060 ,-109.165804 ,299.850529
85.839659 ,-212.509415 ,456.619778
84.179483 ,-94.621283 ,-385.769835
1.723213 ,-11.501910 ,-351.979832
-117.370789 ,-17.912623 ,-499.975766
68.898171 ,78.602733 ,-451.803487
-2.715546 ,50.774908 ,-409.532057
-144.214390 ,-53.621074 ,-466.688847
-40.618993 ,117.510180 ,-306.073727
142.719032 ,207.039237 ,-327.825815
293.887644 ,98.384849 ,-286.843508
-22.132617 ,8.453196 ,-121.063461
-114.359242 ,217.566843 ,-371.942536
42.889203 ,283.737502 ,-220.535801
16.295567 ,242.782230 ,-215.230418
-4.600737 ,267.379161 ,-251.789665
-1.527107 ,291.483489 ,-281.479884
18.860828 ,296.272977 ,-265.841994
-59.843420 ,292.719242 ,-277.682720
-92.332076 ,289.937339 ,-281.017825
-70.002642 ,358.758342 ,-235.553432
29.992775 ,498.500275 ,-251.542063
86.139943 ,331.386526 ,-157.735793
-168.472202 ,-506.015781 ,-240.134744
-236.179816 ,-378.313639 ,-257.035062
-311.518950 ,-376.763532 ,-277.624455
-247.390293 ,-409.272261 ,-285.005171
-225.679973 ,-300.719296 ,-281.420517
-285.461391 ,-323.583627 ,-226.963402
-331.338231 ,-253.461452 ,-256.318442
476.607947 ,-160.096667 ,-445.588689
188.640688 ,-22.802665 ,356.796757
164.773093 ,-240.084939 ,-472.109768
201.948842 ,-147.325127 ,-410.943924
214.664436 ,-199.366457 ,-337.681795
161.390960 ,-92.833075 ,-410.636141
28.232736 ,-114.277693 ,-425.727279
28.277271 ,58.661385 ,-470.861959
39.836138 ,62.011700 ,-397.492119
-19.351141 ,-100.790965 ,-220.923763
-11.945661 ,-137.205539 ,-179.072672
-45.719143 ,1.930963 ,-175.147753
-84.658121 ,52.988843 ,-141.639465
-224.294666 ,31.544079 ,-231.868461
-331.792092 ,-73.463780 ,-231.511064
-489.745819 ,-241.299158 ,-161.084260
501.882920 ,-213.703762 ,-136.391683
-490.195341 ,-205.066200 ,-222.201094
-323.752083 ,-241.245893 ,-111.237274
355.657865 ,-54.665421 ,-5.986703
259.548198 ,-13.111148 ,-152.264006
412.063032 ,-264.808177 ,215.355102
442.530971 ,-443.415850 ,351.227643
395.868856 ,-357.539746 ,412.810068
343.805901 ,-347.632072 ,500.502994
198.648494 ,-356.804348 ,434.799103
273.506658 ,-484.762157 ,393.972951
292.112537 ,418.113041 ,444.485409
266.599149 ,-507.054855 ,-527.314748
208.845345 ,367.949493 ,-513.173992
231.916191 ,400.426461 ,-464.283855
94.728738 ,46.007367 ,0.778683
206.668362 ,430.598324 ,-339.979548
420.102530 ,-64.354015 ,170.230052
379.649070 ,-430.271133 ,190.742708
224.274645 ,386.646598 ,432.537757
291.252883 ,-461.310535 ,175.404768
217.472994 ,-507.819957 ,385.476642
216.620433 ,-480.019790 ,439.725157
368.413186 ,-483.544116 ,260.628873
346.233616 ,-417.245250 ,306.316507
396.697995 ,-352.703572 ,227.509393
354.410033 ,-206.539794 ,191.283060
349.469431 ,-246.005111 ,315.355432
426.854336 ,-256.303532 ,306.199498
407.794130 ,-72.570798 ,266.426955
388.553000 ,-303.986947 ,281.833680
300.332137 ,-371.154963 ,381.807234
406.218332 ,-279.888182 ,418.144265
-417.027123 ,-100.422598 ,130.745598
-468.548921 ,-151.440377 ,22.529497
-409.913753 ,-230.689317 ,-61.828173
-480.480412 ,-132.324861 ,-70.026948
-500.271553 ,-69.753008 ,-143.233500
368.728171 ,-223.129071 ,-202.157490
-389.629472 ,-306.085825 ,-374.991818
-409.223693 ,-345.522018 ,-404.682746
-234.448862 ,-359.950934 ,346.106183
-464.341035 ,-226.882690 ,-502.079693
-269.427105 ,-253.599754 ,384.940291
-196.743941 ,-263.958030 ,288.400150
-246.927216 ,-344.061779 ,375.918045
-207.273697 ,-507.628083 ,326.465881
-51.020852 ,-273.890586 ,320.850933
-35.712695 ,-274.168792 ,345.246335
80.357722 ,-245.516158 ,320.230447
126.266107 ,-307.064171 ,307.645161
169.656376 ,521.035616 ,-512.692040
210.169264 ,-134.118217 ,286.555445
182.917350 ,-320.303282 ,344.042222
306.305537 ,-232.967667 ,324.341196
293.133499 ,-265.513419 ,352.319441
205.657090 ,-279.114148 ,422.668842
431.987767 ,-74.381251 ,-448.699058
235.335433 ,-161.925411 ,510.140413
-506.677420 ,-155.026018 ,463.255288
391.918378 ,-165.423541 ,400.946187
373.767551 ,6.427014 ,-453.496979
151.083215 ,142.784104 ,-361.201819
98.201544 ,183.913531 ,-240.232224
36.595527 ,209.209709 ,-363.989930
-22.858234 ,68.832483 ,-227.586757
74.182233 ,-208.468779 ,-310.756835
-32.131313 ,-22.966564 ,-388.539003
-264.060341 ,-41.956945 ,-198.584833
-351.343613 ,-342.540939 ,2.348466
-333.196155 ,291.255785 ,-444.109591
-273.751610 ,82.906361 ,-152.853517
-238.985066 ,49.992252 ,228.007618
-199.923940 ,349.951639 ,76.268632
470.041043 ,-278.552183 ,-10.480064
-479.126474 ,-253.046410 ,162.250009
399.951287 ,-508.492572 ,227.206455
337.548778 ,-405.001445 ,278.412857
282.083098 ,-452.316652 ,257.631921
276.751432 ,-331.314118 ,133.761975
244.050589 ,-488.081737 ,130.144989
199.195497 ,-468.148143 ,105.936980
149.237532 ,387.465412 ,13.364224
171.779249 ,456.205632 ,16.871461
189.174773 ,143.081185 ,243.468235
124.130052 ,400.411535 ,181.340243
157.302710 ,510.634314 ,284.514593
175.004427 ,264.365436 ,172.088960
153.018277 ,313.418366 ,250.959016
155.322020 ,358.422467 ,287.741353
181.030854 ,363.036193 ,268.388411
156.194168 ,306.573584 ,329.597530
192.509613 ,501.593891 ,478.363864
204.285772 ,513.447681 ,473.080865
294.981731 ,-518.165501 ,351.845700
349.012024 ,-519.619311 ,178.498231
383.929789 ,-475.315480 ,208.119651
452.163675 ,-305.388365 ,248.290329
478.230053 ,-155.430405 ,236.195297
-486.886314 ,112.242735 ,189.183451
-477.222780 ,66.999064 ,159.332058
-403.644768 ,13.369432 ,64.455982
483.398397 ,-168.185105 ,-57.546049
-136.108382 ,-232.832574 ,29.418728
-236.329353 ,-307.718330 ,503.546498
-317.827651 ,520.711179 ,320.180773
-204.963868 ,-282.801340 ,297.148424
-359.007682 ,-206.912955 ,282.343077
-211.796312 ,-222.563569 ,42.062246
-156.591839 ,488.098540 ,429.429645
-320.141379 ,-370.179688 ,388.482034
-347.668268 ,-321.483697 ,206.903459
-323.559968 ,-394.152743 ,486.352632
-221.587143 ,-422.351269 ,433.333835
-371.441352 ,-365.714063 ,346.796963
-339.317533 ,-375.430314 ,133.338710
-364.559947 ,-317.784783 ,142.314693
-354.096561 ,-411.415360 ,154.326209
-418.414500 ,534.644414 ,156.394001
-377.017620 ,480.449444 ,329.150643
479.473555 ,509.545633 ,-386.683420
-383.168381 ,517.002901 ,378.197879
-261.460044 ,-433.991099 ,230.729634
-281.976776 ,-407.821380 ,112.007656
-388.766027 ,525.253784 ,93.291070
462.620245 ,194.309111 ,184.473003
-97.995253 ,400.762629 ,-296.518646
-514.386580 ,-362.474821 ,471.654361
-472.984197 ,-310.203435 ,200.573123
347.733089 ,110.254735 ,204.136536
-481.723862 ,-388.467605 ,-122.936176
-477.603659 ,33.283857 ,-307.487569
-36.677307 ,-268.165502 ,-170.445890
-243.215387 ,353.835098 ,-192.719749
-416.769133 ,89.607581 ,-27.989386
-375.837667 ,-297.200825 ,-86.599144
-286.372800 ,-302.629998 ,-132.519408
-338.183497 ,-70.062535 ,-338.110057
-476.389664 ,-51.322542 ,-197.514966
-481.915217 ,-107.737590 ,113.582734
-216.082816 ,48.673229 ,-231.879027
-239.997881 ,179.170152 ,-107.397184
-157.286680 ,59.891873 ,-41.609626
-78.771179 ,13.101315 ,-124.261269
-108.961366 ,-86.720311 ,-181.979528
-148.842794 ,-158.460053 ,-132.958601
-201.322960 ,-105.462785 ,-141.333342
-213.500942 ,-69.081139 ,-256.582921
-248.160761 ,37.148866 ,-280.684547
-303.254320 ,102.544919 ,-161.407198
-283.965340 ,-1.665793 ,-156.452963
-225.485591 ,-128.938114 ,-10.140521
-320.230967 ,-114.762384 ,27.082034
-218.584644 ,-144.553894 ,45.736680
-169.198532 ,-138.604170 ,83.954362
-117.293255 ,-151.886306 ,41.708291
33.097746 ,-28.902829 ,-42.747522
83.634428 ,-200.882314 ,164.709151
2.271072 ,-149.089040 ,111.027824
162.022025 ,29.598532 ,320.317901
245.613186 ,-273.274037 ,291.362755
253.037865 ,-216.348972 ,282.688532
363.260169 ,-39.021544 ,121.619049
468.946806 ,83.231372 ,68.857711
282.647836 ,-25.293196 ,76.604746
393.630733 ,72.752072 ,93.698342
383.206563 ,157.781560 ,109.641434
447.802529 ,-65.033357 ,117.642085
440.905013 ,-76.894612 ,175.344994
-383.921434 ,-38.256860 ,447.107912
-242.709417 ,-15.209889 ,-466.113990
-263.657258 ,5.972189 ,-478.204961
-374.653673 ,-24.479485 ,-432.240396
-403.448818 ,-44.606547 ,-416.396487
-257.625770 ,-80.335638 ,-296.585451
-290.841356 ,74.660017 ,-128.306888
-417.432420 ,-64.206471 ,60.887690
-471.114182 ,-204.931124 ,73.141073
-344.641623 ,-117.536531 ,121.602735
-389.960357 ,-203.410437 ,-53.139384
-440.531892 ,-263.375999 ,-313.467006
-351.981405 ,-395.047942 ,-335.140288
506.055699 ,-388.732232 ,-239.876322
306.862408 ,-478.391244 ,-473.275149
319.217195 ,-360.773711 ,-350.750830
137.852497 ,-107.959763 ,-438.514041
201.832198 ,-495.394536 ,376.838735
-32.106999 ,190.709290 ,83.857638
-62.754769 ,261.684227 ,-251.502395
-192.644770 ,264.269885 ,-334.744479
-290.189745 ,465.588520 ,-176.540420
-247.206660 ,518.491098 ,-82.262446
-366.105320 ,374.011044 ,-36.466964
-430.911127 ,477.184014 ,-188.035794
-395.778777 ,516.254486 ,-179.403050
-448.610606 ,-455.229073 ,-296.296565
-498.063669 ,-372.958072 ,-346.588931
353.649081 ,392.226941 ,243.084000
298.130233 ,498.998429 ,275.031390
313.741847 ,-452.653397 ,439.278207
390.538717 ,491.964564 ,332.234745
321.463504 ,423.674363 ,37.023293
300.381090 ,468.948914 ,-48.445578
299.576185 ,469.255217 ,110.641973
241.909790 ,344.269274 ,168.396926
363.560717 ,-462.939815 ,117.342183
390.677575 ,517.670218 ,197.672692
421.405515 ,487.262005 ,6.909685
478.134970 ,362.857495 ,-192.899989
442.855226 ,471.040643 ,-101.616070
367.863238 ,485.095637 ,98.084324
448.284814 ,462.853714 ,216.506821
487.411831 ,-461.642018 ,363.201514
-503.690469 ,-402.959735 ,216.293351
-492.356160 ,-372.048237 ,219.788453
-350.202637 ,-382.471492 ,-58.916471
-317.099479 ,-176.057214 ,-341.909107
-253.127397 ,-137.483443 ,-272.239210
-105.902807 ,-127.865104 ,62.672076
-20.677908 ,-100.286069 ,41.308464
76.012053 ,78.977379 ,-163.392263
72.042712 ,253.928432 ,-100.116566
167.577491 ,252.089290 ,-4.460076
175.179433 ,288.340101 ,37.523540
178.367785 ,178.941106 ,-142.754645
173.352965 ,263.761172 ,-179.284534
257.792658 ,249.809059 ,-212.957588
347.282844 ,187.701561 ,-28.224570
471.235090 ,180.374708 ,233.351866
467.283924 ,83.864174 ,397.522102
-280.930247 ,-49.670588 ,121.401260
-296.379617 ,123.617381 ,88.583690
-372.850494 ,47.706320 ,274.141026
-370.366683 ,-68.293497 ,261.678002
-470.734741 ,-321.847366 ,483.742676
-385.970309 ,-191.675480 ,-213.969278
-389.120477 ,-222.619614 ,-140.587152
-307.221571 ,-54.679010 ,-83.008453
-296.137633 ,-37.410099 ,27.100826
-333.837528 ,11.459021 ,-177.151471
-422.764447 ,77.402997 ,-148.604392
-379.374126 ,109.543807 ,-49.122165
-440.142389 ,-323.627380 ,-140.511546
482.248444 ,355.655920 ,-299.572249
391.064643 ,447.600878 ,-270.965835
170.825334 ,398.667228 ,-236.713078
-3.812843 ,186.369378 ,-71.881737
-214.119473 ,44.007110 ,79.275427
-194.235710 ,48.988458 ,194.561563
-258.053051 ,139.148280 ,-441.277495
-371.746786 ,401.168165 ,-391.265342
-268.054445 ,359.810141 ,-49.232202
-256.472058 ,176.457616 ,112.950760
-445.651582 ,183.467484 ,-127.314348
-513.861693 ,193.356280 ,-237.081249
-511.411057 ,226.283850 ,-179.343896
-468.858226 ,351.473947 ,-299.954977
433.176444 ,396.568315 ,-253.793582
403.118837 ,450.762699 ,-295.496027
416.002532 ,438.153759 ,-419.704758
302.850412 ,464.574759 ,-522.218533
428.854646 ,-354.462512 ,-367.034022
485.155100 ,-180.874242 ,-354.766134
423.083149 ,-489.292175 ,-363.755912
449.009944 ,-323.826000 ,-412.533161
436.826179 ,437.625739 ,-468.760915
282.676444 ,-493.756040 ,311.745798
255.124088 ,458.125258 ,135.323392
250.174119 ,-81.315009 ,291.692152
324.807998 ,-177.792760 ,-518.266888
332.102108 ,182.163218 ,-395.271334
224.368105 ,395.197198 ,378.359926
216.396652 ,414.038459 ,180.892900
84.859482 ,232.758795 ,-175.392111
52.753203 ,91.220015 ,-360.793147
141.751563 ,-55.461101 ,-67.826895
159.502110 ,186.825681 ,168.529513
-20.057188 ,298.139482 ,309.506437
12.091773 ,177.278028 ,-129.669262
22.547531 ,140.319044 ,-351.807458
-30.628137 ,-121.420875 ,-278.593328
80.890626 ,136.254993 ,-7.725445
213.862644 ,332.443730 ,0.695106
201.418911 ,-381.899880 ,-12.791021
248.700449 ,-334.552037 ,-68.887312
304.572599 ,-306.281075 ,-49.891616
291.439707 ,-290.142838 ,109.288144
215.283197 ,-451.550670 ,-95.153673
338.576744 ,341.999288 ,40.281916
347.725321 ,281.496484 ,176.480639
-492.971711 ,257.573361 ,114.310644
-396.312597 ,483.830201 ,61.786645
-352.969801 ,-439.319872 ,45.883033
-329.218022 ,-292.531928 ,166.654443
43.472540 ,-7.929590 ,193.239958
10.355881 ,-10.472510 ,314.028108
191.869431 ,375.246776 ,448.416186
158.768953 ,382.869249 ,-500.653052
234.090194 ,320.121921 ,119.444012
182.611061 ,369.303784 ,-72.500020
100.707191 ,232.275265 ,-257.637815
124.376488 ,77.830605 ,-233.568520
133.256281 ,44.905815 ,-158.503461
352.883743 ,97.506766 ,-86.108380
443.460705 ,17.813370 ,-44.762638
-406.442119 ,-109.955037 ,-231.195930
490.520903 ,-261.777046 ,-62.998991
-474.964242 ,-213.284887 ,192.020543
-426.806727 ,505.563273 ,242.043532
-266.191150 ,-196.929771 ,187.485401
-233.304826 ,-173.692402 ,26.528701
-171.238836 ,-295.945031 ,120.387106
-271.459552 ,-503.189677 ,120.519376
-248.726717 ,-446.542818 ,136.240555
-9.845708 ,-304.576272 ,98.566989
140.530319 ,-400.908414 ,246.213963
147.755828 ,-430.385569 ,295.071377
142.011968 ,-490.768368 ,324.708601
116.114654 ,-412.266821 ,377.430347
54.142821 ,376.500097 ,-458.173174
85.680138 ,216.991401 ,-273.322436
223.822758 ,355.776519 ,-373.419973
285.223158 ,-414.015227 ,-527.239127
232.057572 ,514.942761 ,-285.761477
138.154264 ,522.545475 ,-47.516524
-188.186998 ,370.406518 ,43.031026
-249.934079 ,221.083118 ,-9.372144
13.387313 ,108.095693 ,-100.084249
-134.718790 ,149.228929 ,-128.969170
-177.476910 ,87.654577 ,-232.005047
-446.069922 ,248.881537 ,-315.993645
-525.553333 ,344.122954 ,-241.988829
391.553603 ,496.730053 ,110.221558
-373.054011 ,338.128001 ,131.326356
-450.938846 ,358.920066 ,196.445361
351.867093 ,235.272292 ,-456.460650
290.115364 ,56.757699 ,-386.546002
76.566306 ,-204.708840 ,-118.464160
213.020876 ,142.635705 ,274.812270
309.581521 ,351.757687 ,313.161783
275.615721 ,83.719445 ,-0.078116
64.295720 ,-99.602631 ,-501.055971
-344.625635 ,97.243364 ,249.613264
-399.578897 ,338.976519 ,290.546583
-472.491267 ,347.704785 ,439.529804
-438.879908 ,237.206580 ,7.358314
-287.076299 ,191.848170 ,-341.386748
479.966625 ,450.487562 ,443.583132
334.009513 ,-356.804790 ,100.206880
213.646850 ,-450.927966 ,228.266073
166.485494 ,432.946162 ,485.363606
59.484558 ,79.103239 ,-285.678851
151.118692 ,-11.295859 ,-410.433715
118.654235 ,217.386826 ,326.129508
227.714901 ,287.455140 ,159.624381
166.263043 ,264.610128 ,205.349267
327.270417 ,228.649955 ,374.030713
191.307849 ,20.345906 ,328.891778
15.002363 ,-23.028618 ,123.431438
-20.066925 ,51.830653 ,-30.089830
8.702884 ,-7.641724 ,-51.324373
-89.505960 ,-33.493428 ,-181.981325
-104.922939 ,-143.693086 ,-66.726116
28.183723 ,-28.881901 ,-88.174572
34.474736 ,71.405402 ,-51.311060
32.770115 ,-8.171354 ,-63.685708
-72.151362 ,109.829027 ,-138.102720
48.654738 ,-12.103397 ,-138.945284
52.884663 ,34.501298 ,-151.118442
10.042650 ,-76.840888 ,-30.480433
31.055546 ,-162.201705 ,-105.915900
45.596903 ,-12.172473 ,-212.352618
78.046704 ,-21.396414 ,-151.349985
98.630025 ,-115.179924 ,-106.175458
90.557369 ,-30.428933 ,-216.112680
209.543836 ,-135.112934 ,-267.610971
124.401180 ,-91.700351 ,-216.398546
131.918578 ,-121.288582 ,-225.232222
14.484116 ,-125.380872 ,-30.592371
23.716180 ,-155.005252 ,-39.434892
0.220768 ,-187.320654 ,-4.410717
-38.840075 ,-217.542712 ,49.926794
-194.687579 ,-447.999993 ,-38.855128
-175.317616 ,523.890119 ,-86.116907
169.379725 ,-227.351899 ,-77.025032
82.940356 ,-131.928866 ,16.245528
38.607752 ,0.658767 ,102.376151
-30.006765 ,-205.801754 ,-51.490331
-17.712219 ,-206.165865 ,-109.243337
37.730832 ,-224.713263 ,-151.517196
145.620133 ,-242.394438 ,-61.197561
154.409579 ,-251.243584 ,-68.251475
273.137641 ,-331.787988 ,-168.652658
328.815339 ,-418.013129 ,-317.690051
300.022189 ,381.506607 ,386.688254
67.525325 ,-459.733350 ,353.117600
-134.040741 ,-407.059943 ,342.009222
149.639892 ,476.608414 ,-437.500175
223.388949 ,-394.884784 ,-238.440439
470.685872 ,-123.013875 ,-102.850203
443.554262 ,-127.702530 ,-141.179506
18.536441 ,-134.276411 ,-118.037633
-49.316319 ,-169.788022 ,-451.654704
11.096965 ,-252.531722 ,-534.279736
259.617591 ,-221.054602 ,-325.714656
415.089359 ,-0.757734 ,-119.822535
270.443408 ,90.091236 ,-361.909745
58.397966 ,21.615325 ,-513.040167
-219.077836 ,61.833602 ,310.091136
-126.509470 ,207.088123 ,385.055156
40.080874 ,-149.301098 ,432.495918
292.956560 ,-434.483133 ,-275.580807
-484.812173 ,506.064368 ,-154.491658
348.016486 ,322.599275 ,-52.454722
259.563799 ,319.057103 ,-170.883483
-8.819172 ,-440.143814 ,-225.097612
76.335759 ,-511.036798 ,-164.478142
-79.008833 ,-338.972870 ,362.830550
-1.869263 ,-451.111039 ,484.600982
37.546796 ,428.785386 ,-442.258655
212.372615 ,-484.303210 ,-61.983854
329.024826 ,-510.823433 ,26.526511
505.980970 ,-498.606709 ,231.926264
-492.720610 ,-501.934747 ,149.625101
345.075972 ,-511.384380 ,-95.928134
144.311593 ,-104.517835 ,-373.858740
44.024261 ,-147.367270 ,-361.186890
-152.520687 ,327.331121 ,-396.019740
159.854017 ,-288.144614 ,-316.586359
224.985083 ,-349.611406 ,-61.800915
152.145325 ,-404.448395 ,337.052488
19.613068 ,-287.519857 ,304.730788
-477.989009 ,-474.033306 ,-511.204804
295.536354 ,-453.121705 ,-29.137230
417.652062 ,-308.633163 ,-32.993245
-416.864340 ,-242.530376 ,6.364025
-434.571305 ,-235.086743 ,88.632038
-470.905594 ,-310.994438 ,-210.257366
243.175320 ,-235.799912 ,-61.684902
223.921456 ,-265.062228 ,-201.493170
-498.189335 ,-276.613352 ,302.157369
346.764580 ,-50.928458 ,43.014271
472.261308 ,-497.485693 ,457.614037
-485.244579 ,-366.521016 ,487.231196
503.987008 ,-482.524666 ,-462.054834
90.013894 ,398.248970 ,499.676670
193.008776 ,492.817772 ,415.411299
263.531615 ,413.359555 ,353.718507
388.786757 ,379.778395 ,464.897976
430.530176 ,361.513447 ,419.198447
492.798113 ,282.114794 ,294.614146
-526.490598 ,284.376469 ,193.198859
-505.313146 ,283.713811 ,74.214108
-486.417690 ,323.415916 ,242.014009
-400.567971 ,375.414801 ,336.070855
-293.837769 ,475.562924 ,508.776629
-107.683207 ,-481.817646 ,-500.877845
-80.653884 ,-452.916955 ,481.504696
31.382824 ,-395.385432 ,115.670669
214.545119 ,-288.617170 ,57.239729
254.597533 ,-109.241327 ,209.454508
207.189095 ,-149.671946 ,262.067834
222.180864 ,-288.441116 ,242.506277
396.989073 ,-390.593467 ,327.083587
428.893325 ,-500.442040 ,232.317563
-323.320401 ,-428.720418 ,-441.986869
182.416953 ,97.922981 ,70.351676
308.606846 ,-197.781525 ,-280.470455
-250.510723 ,170.270078 ,-366.087895
-19.439327 ,32.702260 ,-75.580441
-358.595797 ,300.394110 ,480.815667
70.312862 ,206.504194 ,441.735789
-208.241033 ,-152.761751 ,409.286622
-164.011907 ,291.327635 ,-347.078494
-516.056191 ,-188.398920 ,80.394199
271.388795 ,87.529728 ,143.299923
-511.108013 ,-12.042353 ,68.455799
-339.706946 ,262.691394 ,-52.540152
-431.835720 ,143.028083 ,-321.505529
-357.863134 ,109.986942 ,443.750589
441.881133 ,-5.142282 ,-317.510222
-500.841115 ,-81.556895 ,19.326919
326.708887 ,-319.813757 ,376.522046
436.016080 ,504.421596 ,97.770911
387.710854 ,491.807974 ,213.373826
230.311476 ,-113.780123 ,286.489695
98.571090 ,-201.019149 ,262.529576
92.276118 ,-41.870906 ,171.949763
158.401311 ,-91.695377 ,180.260476
472.711942 ,-89.924738 ,38.801462
234.649844 ,-72.368395 ,274.306439
191.674026 ,-161.335632 ,328.556042
-89.183127 ,-234.664396 ,-434.088179
-233.079730 ,-63.875146 ,-474.993537
361.884254 ,-466.969032 ,-214.807679
64.214279 ,-502.152381 ,-176.636901
-424.978576 ,-319.799829 ,237.021141
-234.257744 ,-372.044294 ,358.320126
-423.301442 ,438.974497 ,-179.404152
224.280871 ,451.899085 ,159.944148
109.673133 ,204.469390 ,-221.023384
-485.925300 ,448.586552 ,-376.608330
-286.385806 ,498.001097 ,-386.279938
290.394723 ,216.485912 ,-82.073485
-348.549533 ,328.845814 ,68.249960
-507.299789 ,70.168351 ,-349.223673
242.950171 ,450.341811 ,-479.982091
31.865108 ,-366.376001 ,-101.050750
254.877385 ,148.368983 ,106.784826
6.124608 ,370.161673 ,257.059841
23.118999 ,393.899402 ,187.089919
37.598827 ,426.563841 ,239.520712
105.093294 ,454.726507 ,333.627731
155.919970 ,306.677929 ,383.792190
-93.599820 ,351.755650 ,397.389653
-279.602801 ,-130.885695 ,194.668083
-153.758245 ,-43.252119 ,367.252999
111.332417 ,-159.730937 ,280.021747
-19.825937 ,-71.901834 ,436.441184
166.081590 ,81.419755 ,320.392345
94.289507 ,-0.190778 ,280.402177
79.095260 ,-171.194713 ,262.684094
-17.208541 ,-304.239821 ,198.250616
-4.963159 ,-370.456439 ,82.687458
-17.966259 ,-422.572404 ,-183.062571
72.726043 ,-289.857307 ,-365.092005
130.087056 ,-193.948114 ,-241.089836
152.497675 ,-89.096111 ,-361.635168
191.859949 ,-3.420944 ,-365.175582
309.268502 ,113.534075 ,-341.087481
186.378181 ,251.098377 ,-331.464703
348.788269 ,277.657518 ,-19.326155
450.873320 ,429.241242 ,-159.423324
-508.088758 ,478.817392 ,-184.141335
-434.505324 ,-279.275398 ,-423.661371
-328.913276 ,-143.248622 ,-514.856507
-366.919698 ,-237.409558 ,-404.700663
-272.386675 ,-194.219428 ,-296.719154
-269.844908 ,-50.807262 ,-375.135982
-337.428425 ,210.307321 ,-288.650135
-238.298084 ,175.088836 ,-429.075447
-101.845728 ,4.182507 ,412.526633
-4.120156 ,-91.220917 ,460.799560
268.283920 ,-38.011308 ,-423.319811
168.053328 ,121.883013 ,-240.703837
206.768444 ,153.953868 ,-233.850462
369.870727 ,271.879310 ,-98.112063
400.093850 ,-7.467437 ,-177.447483
383.577749 ,-15.315719 ,72.610016
380.504189 ,-96.705124 ,-0.946673
369.495492 ,126.541807 ,-101.873543
366.234651 ,48.658137 ,-152.696707
-392.951461 ,113.214183 ,-91.001829
-271.424444 ,95.274121 ,14.980980
-377.452478 ,64.164473 ,-243.261528
-445.566844 ,-58.826471 ,-160.975131
-513.025569 ,-107.609535 ,-176.452873
488.282048 ,-159.608310 ,-41.821820
493.408689 ,-83.535534 ,-13.737661
-531.805941 ,197.455744 ,-93.632449
432.865815 ,128.666320 ,-102.194081
115.854389 ,-91.529710 ,-221.598965
-68.196642 ,-71.985394 ,-169.924013
-192.576929 ,-76.516284 ,-296.911467
-166.621270 ,-12.994202 ,-268.957011
-224.468500 ,24.741298 ,-168.946191
-232.958384 ,16.304118 ,-149.688432
-265.992369 ,6.860804 ,-16.676242
-320.640004 ,-224.025130 ,-119.962379
-448.568488 ,-259.348685 ,-94.898038
-465.146152 ,-54.721153 ,-33.251419
-505.121403 ,-114.404560 ,-15.674796
394.736857 ,-199.123528 ,-20.437544
298.774038 ,-209.142129 ,18.494947
433.965740 ,-305.243188 ,117.271512
-520.661755 ,-399.230528 ,167.438519
-396.965196 ,0.656001 ,-189.085268
-467.862238 ,66.518755 ,3.696711
-481.574094 ,-99.281238 ,10.454888
445.941042 ,-110.205757 ,-6.550994
416.752876 ,-121.597091 ,51.266901
433.936850 ,-106.517673 ,-20.468065
-272.175821 ,-79.113205 ,206.962340
482.133907 ,-188.310706 ,278.070810
452.437662 ,-133.637477 ,503.836392
497.568469 ,-189.869735 ,-400.298465
-502.494041 ,-136.011187 ,-449.272469
-493.337078 ,-21.843924 ,-358.205059
-515.073263 ,21.962184 ,-307.316538
-325.098718 ,12.448029 ,467.877891
-195.142604 ,84.162746 ,-453.937768
-291.273136 ,-82.676600 ,-70.904411
-158.696803 ,-350.870267 ,-442.686644
-292.019610 ,-360.231622 ,-475.236369
-402.894450 ,-449.599997 ,474.419771
-347.351422 ,-357.666165 ,294.243516
-502.286124 ,-497.941970 ,331.490403
446.712331 ,-253.029611 ,433.719772
364.572634 ,392.384556 ,456.304295
101.903178 ,207.778875 ,-394.045696
-16.620989 ,113.572428 ,-290.470357
-16.448734 ,84.313915 ,-203.116836
208.216292 ,100.168672 ,-298.638756
273.967592 ,209.704645 ,-195.632463
249.546698 ,95.798758 ,-319.836349
242.413688 ,-158.719101 ,452.420674
185.840613 ,-296.141733 ,344.071655
4.098501 ,-434.360633 ,250.347317
-22.998134 ,-457.952161 ,283.657797
-80.684573 ,-384.215955 ,201.924959
34.558231 ,-130.775360 ,89.918214
63.518029 ,-180.016638 ,-11.714016
16.867968 ,-215.584155 ,-130.415647
5.374491 ,-206.938722 ,-266.697659
9.879813 ,-240.047909 ,-343.700756
134.882327 ,-242.622737 ,-311.130367
172.995949 ,-113.541574 ,-246.406253
182.984619 ,133.768853 ,-191.809866
246.189706 ,131.905419 ,-484.080169
391.054449 ,272.446986 ,459.444641
-304.329984 ,444.815484 ,-346.078045
-169.050290 ,523.354197 ,-308.166728
31.009204 ,-232.106112 ,-488.891900
-9.466725 ,-246.819081 ,465.785493
-90.616433 ,-486.067704 ,214.025787
288.849349 ,-192.992038 ,221.362388
428.547907 ,-325.637334 ,257.114843
316.239010 ,-424.895232 ,509.242966
286.994298 ,-344.767184 ,-485.165022
422.701240 ,-259.390277 ,463.549792
272.797841 ,-171.824156 ,258.194898
400.468282 ,-132.967938 ,269.849801
-386.934682 ,-58.949699 ,450.581641
-396.534908 ,-401.472125 ,373.082177
435.502216 ,-304.595166 ,491.371798
-488.344358 ,-404.485105 ,-444.593776
-316.732877 ,-306.090074 ,467.249707
-470.530898 ,-303.035374 ,364.901092
-381.032590 ,-323.932370 ,376.641624
221.558689 ,-474.898241 ,458.939083
467.713586 ,-327.598087 ,-367.183604
-523.450269 ,-289.499177 ,-416.232127
400.328973 ,-113.540849 ,-466.090566
328.940574 ,-41.106692 ,480.164418
407.450281 ,-127.523253 ,-460.908230
496.313680 ,-132.723540 ,-387.949885
446.662911 ,-83.004732 ,-263.484720
299.116687 ,28.938359 ,-356.924431
222.801997 ,-0.666846 ,-395.047715
405.431336 ,-82.106894 ,-247.538504
-519.383578 ,-159.172457 ,-61.136291
-478.776823 ,-184.490146 ,-192.502966
452.454885 ,-224.789231 ,-144.899810
442.771871 ,-43.744887 ,348.464527
471.800084 ,-127.356862 ,376.132876
427.327563 ,-55.435501 ,400.967016
451.306343 ,-55.931471 ,406.087829
470.549942 ,-41.019473 ,266.163639
470.346143 ,-20.335122 ,220.750445
455.624021 ,-64.927988 ,266.196121
330.523355 ,-36.072801 ,-539.013683
285.825174 ,-114.565715 ,497.731802
188.592344 ,-283.935540 ,427.991840
191.675922 ,-185.377616 ,428.157164
-222.244848 ,-157.647093 ,-536.407044
281.300794 ,-289.366323 ,418.766397
64.182189 ,83.831844 ,466.016039
41.832666 ,174.236647 ,445.318632
100.469545 ,249.538031 ,-282.079163
-145.301123 ,3.461168 ,-487.556348
56.856200 ,241.523355 ,-437.457141
-60.996620 ,-332.310287 ,-521.820092
0.648085 ,-134.249043 ,-310.243969
-20.233050 ,300.408151 ,-347.797922
-470.579145 ,-115.838611 ,-403.946549
488.859416 ,452.386998 ,-311.665484
-479.995730 ,-262.534505 ,-308.018924
-480.083317 ,-418.284869 ,-325.786320
481.012102 ,-457.136732 ,-87.783592
444.193140 ,465.379807 ,-344.628031
-497.403081 ,-465.940041 ,-91.531326
478.362280 ,388.529489 ,-344.944191
485.548572 ,367.653424 ,-324.041385
337.096672 ,467.920535 ,-188.488513
339.917823 ,175.401853 ,-217.011109
225.552389 ,205.719040 ,-93.998437
159.289245 ,113.550177 ,-167.251418
195.245681 ,109.376222 ,-142.968889
31.192200 ,-285.409975 ,-303.685471
-10.246173 ,-314.242763 ,-464.357330
86.983350 ,-368.243824 ,-489.428644
50.089040 ,-400.391219 ,-517.269442
117.020506 ,-242.605467 ,-508.581349
139.771173 ,-404.053991 ,410.539427
152.444887 ,-421.734722 ,349.256332
214.271644 ,-329.726694 ,282.678661
220.846609 ,-345.834783 ,64.094976
260.206246 ,-331.181527 ,14.971816
224.799336 ,-349.540721 ,-25.088403
211.425147 ,-382.625905 ,-296.046051
167.159203 ,-374.937140 ,-386.709786
168.744595 ,-305.618411 ,-307.923170
142.005239 ,-317.325269 ,-395.215952
166.067100 ,-305.832223 ,-456.503741
151.834115 ,-246.829037 ,426.500058
141.579176 ,-144.691619 ,337.583918
228.354130 ,-8.284048 ,237.745004
387.898956 ,293.021871 ,319.645535
-389.717101 ,496.422749 ,402.667876
-148.355352 ,-468.495704 ,-306.598998
-246.834585 ,-406.049267 ,-409.121693
-270.243080 ,-434.963278 ,-405.558653
-271.124478 ,-402.000438 ,-367.033974
-133.825980 ,-254.307928 ,-335.998567
-127.612589 ,-99.039629 ,-512.309554
231.720602 ,437.795506 ,102.190750
-338.998482 ,339.697278 ,-513.917402
-18.246507 ,-329.735172 ,-513.293414
13.936760 ,-226.489328 ,498.918135
44.564908 ,56.425058 ,390.895086
-108.201320 ,-70.321725 ,281.310009
-99.796095 ,-109.934853 ,478.736643
-172.331478 ,-260.700058 ,-491.399714
162.354170 ,23.087715 ,-401.687237
151.299431 ,-19.950803 ,-410.450545
57.646228 ,-132.165067 ,-406.680943
124.393597 ,-99.050909 ,498.586805
61.410235 ,-282.996718 ,-529.348821
315.612082 ,-149.899369 ,-509.427733
280.262440 ,-197.473318 ,-439.407639
302.050162 ,-237.864571 ,-514.764436
-488.144853 ,-241.908398 ,-477.511147
-456.144574 ,-214.899382 ,-477.625349
-359.911463 ,-139.112424 ,-502.453059
-229.599939 ,-231.770970 ,-470.075391
-163.086203 ,-31.996299 ,-211.320637
-248.645884 ,-124.086429 ,486.465368
-318.131852 ,-223.130514 ,400.979110
-219.716856 ,-313.160084 ,-393.356364
-227.836462 ,-378.406862 ,-211.625702
-289.582176 ,-319.813736 ,-104.563940
-437.441003 ,-161.386392 ,-329.028883
-507.818846 ,-69.962721 ,-345.982197
440.795291 ,-200.625485 ,-312.619396
455.956440 ,-171.038426 ,-41.677325
442.124061 ,-113.420409 ,84.367137
-467.617882 ,-156.946379 ,-140.064581
-407.496417 ,-296.864079 ,-268.245431
-357.902625 ,-280.689989 ,-313.921866
-383.669944 ,-312.757187 ,-168.751310
231.243688 ,-102.114241 ,52.252468
437.808075 ,-86.151333 ,-193.518633
-496.884825 ,5.749164 ,-449.040686
-208.129566 ,-100.802665 ,-511.900566
-341.416630 ,-130.784419 ,-465.821014
-397.642629 ,-198.417087 ,-250.633338
-447.194567 ,-152.170354 ,-131.419550
-108.129202 ,-128.250581 ,-175.067452
-171.660201 ,-184.164534 ,-260.504942
-441.820527 ,-209.651390 ,-280.146579
-365.156230 ,-150.986265 ,-432.521492
-311.265202 ,-197.035137 ,-392.674264
-399.756788 ,-252.079498 ,-289.180720
-409.392252 ,-210.280975 ,-250.594984
-492.222946 ,-234.720287 ,-377.831747
-424.070104 ,-215.394328 ,-378.145160
-379.627258 ,-223.150413 ,-322.445721
-379.629965 ,-236.887247 ,-264.781559
-417.438055 ,-185.643360 ,-115.899937
-495.903961 ,-150.892307 ,6.937086
-472.947379 ,-159.585450 ,249.798288
-307.905802 ,-126.542417 ,352.155672
-410.350805 ,-31.192117 ,219.994968
-531.742033 ,19.323699 ,-48.507867
-490.692731 ,30.515855 ,-78.416241
-466.349406 ,5.839896 ,-45.371114
-411.108523 ,-149.524700 ,-161.318218
-329.218339 ,-232.428650 ,-83.222471
-302.473542 ,-290.029546 ,-50.250143
-289.935980 ,-319.679097 ,-34.635347
-284.510810 ,-392.634688 ,-129.198009
-325.820051 ,-376.252197 ,-162.171515
-336.343316 ,-421.210198 ,-268.838219
-228.663115 ,-463.469424 ,-376.105139
-204.309004 ,-472.694389 ,-409.461883
-209.736767 ,-431.264367 ,-524.736744
-226.728070 ,-429.112926 ,461.318344
-340.074421 ,-423.224809 ,482.887432
-185.658866 ,-398.554268 ,-335.998264
-150.637666 ,-368.027663 ,-269.691260
-147.916166 ,-461.793902 ,-421.967714
-203.164554 ,-500.605633 ,-521.401488
-337.760377 ,511.081276 ,-448.926757
-286.569252 ,492.919208 ,-328.598946
-117.008500 ,501.433947 ,-341.688555
-42.987941 ,484.314160 ,-335.106329
-153.057904 ,-506.334378 ,-236.717920
-246.336639 ,-471.493614 ,-236.176331
-430.453438 ,521.657902 ,-464.166225
451.127403 ,-416.129653 ,232.358664
188.729166 ,482.778390 ,-397.481207
-345.866624 ,-142.344346 ,-214.083948
-138.095464 ,363.450805 ,-347.078645
-46.133840 ,366.890389 ,-244.401508
156.782682 ,414.535310 ,-236.612023
106.406392 ,370.566906 ,-260.909193
26.468141 ,320.501113 ,-174.931924
-16.259652 ,210.832695 ,-84.010201
-31.198254 ,195.515171 ,-117.176971
-57.517692 ,154.455553 ,-166.066248
29.421872 ,181.998440 ,-187.438705
120.662579 ,81.445662 ,-191.586941
162.302493 ,134.243017 ,-170.725146
-45.035140 ,109.371839 ,-75.308507
66.567038 ,455.211209 ,153.765039
61.453916 ,311.544839 ,62.622717
-1.637623 ,162.733066 ,275.948204
-56.471172 ,143.269394 ,354.860524
-262.725805 ,-213.703590 ,-433.161163
-61.064187 ,407.753902 ,170.064743
46.881306 ,189.619589 ,399.868805
-286.801341 ,319.566990 ,438.527408
-309.534221 ,326.942283 ,-526.328835
-180.456321 ,303.442510 ,-535.773684
-345.361094 ,298.439506 ,-440.537781
-208.066335 ,300.653142 ,-486.688879
-163.826521 ,311.863884 ,-469.413141
-176.216423 ,327.719379 ,-457.083428
-266.161590 ,359.089824 ,-423.350178
-265.713963 ,346.898850 ,-461.834467
-275.077936 ,374.856194 ,-419.779229
-286.083176 ,473.844670 ,-346.118120
-305.394293 ,-491.198903 ,-339.051819
-291.785845 ,-408.403106 ,-321.487710
-339.320875 ,-268.960593 ,-308.750956
-375.947600 ,-249.076465 ,-264.822811
-462.789030 ,-335.658980 ,-358.938131
330.805667 ,-364.303594 ,-254.667662
349.709245 ,-283.390986 ,-259.860247
150.599229 ,-170.316340 ,-328.559596
61.448950 ,-156.420717 ,-380.522534
-46.308080 ,-157.679442 ,-418.432750
458.465147 ,103.512394 ,-317.395462
-521.387054 ,-398.954518 ,310.792136
479.530964 ,-236.635414 ,314.706765
243.208672 ,-330.260421 ,324.485450
-414.349531 ,-254.275286 ,237.087132
-476.549775 ,-168.033460 ,319.727742
453.245037 ,-350.447932 ,220.231376
376.557653 ,-300.302229 ,266.168394
261.605415 ,-223.396444 ,312.350495
320.371682 ,-338.757168 ,352.045393
354.500380 ,-230.615438 ,273.402034
313.658352 ,-250.472636 ,298.048933
234.675012 ,-280.295019 ,109.596863
240.544669 ,-301.286406 ,51.838846
224.386279 ,-375.142029 ,163.668310
234.707781 ,-448.111816 ,118.029128
281.787055 ,-383.514672 ,30.498630
430.123157 ,-521.516844 ,74.937835
471.993592 ,-65.610110 ,80.805742
404.428056 ,232.175884 ,352.664203
-249.316095 ,-295.202024 ,-375.690189
-64.663876 ,413.042725 ,182.330036
-218.094088 ,76.914339 ,51.385633
31.475464 ,-191.554465 ,-67.512395
-49.114001 ,118.277475 ,17.381400
66.592973 ,245.567059 ,-3.955044
58.290971 ,443.258195 ,145.044629
93.640974 ,470.225210 ,160.646670
105.526846 ,339.991419 ,41.471388
100.056083 ,205.047313 ,-14.689807
12.031082 ,0.910631 ,-67.059167
8.566371 ,0.996390 ,-60.048617
31.240933 ,357.212185 ,87.335607
-69.341595 ,91.102940 ,62.887272
219.259992 ,260.115087 ,250.521923
23.183339 ,137.875345 ,214.589729
45.541345 ,68.074110 ,147.916785
112.061191 ,-147.987638 ,85.993461
-36.344808 ,-165.742562 ,20.290430
-75.045180 ,-441.797970 ,0.751485
-111.571540 ,-428.820967 ,53.407239
64.995842 ,-261.288966 ,31.833155
228.484690 ,-78.255775 ,-180.195293
309.748043 ,-143.748857 ,-49.619441
85.309904 ,-289.098794 ,197.753568
19.655495 ,81.316439 ,469.735709
133.973176 ,-266.318027 ,-31.463116
201.008967 ,-374.874945 ,39.668888
250.392080 ,-419.340199 ,-53.318311
332.451732 ,-254.895233 ,-13.228492
189.310474 ,-402.213389 ,93.871609
187.606523 ,-329.441170 ,130.725491
249.316055 ,442.414940 ,-8.025139
247.148851 ,291.991303 ,24.924639
176.926489 ,4.816326 ,185.587473
346.077192 ,407.481684 ,-19.073708
424.872297 ,-480.154141 ,-75.301323
405.376069 ,-464.059808 ,-13.986213
425.032913 ,499.134968 ,-82.243400
380.535514 ,316.783456 ,-19.416795
419.180689 ,153.600872 ,130.427533
403.474503 ,154.030546 ,184.701799
452.794933 ,111.306379 ,96.962610
-404.659284 ,357.333960 ,-139.441862
-429.420993 ,407.927628 ,-196.911507
-468.539123 ,270.642561 ,-27.391662
-443.075078 ,77.735791 ,-200.944696
-400.277336 ,149.598463 ,-148.586853
-360.463211 ,97.106677 ,-9.034082
-385.928191 ,4.204908 ,-12.570752
-250.259629 ,142.698797 ,-301.457801
-288.508494 ,384.238774 ,-173.202191
-341.953112 ,361.428446 ,-15.635780
-359.446190 ,308.071167 ,-64.592844
-359.099696 ,304.504845 ,-118.794236
-365.782963 ,211.235745 ,-106.694269
-340.528229 ,165.606157 ,-168.093135
-284.501470 ,204.121683 ,-222.502267
-271.246325 ,151.875029 ,-255.881244
-297.625421 ,66.190055 ,-107.309759
-329.741859 ,22.052912 ,-12.825615
-350.939709 ,8.985468 ,167.319727
-392.625859 ,-1.964338 ,323.099569
-441.411384 ,11.363311 ,426.515470
-479.151333 ,127.836123 ,290.565980
-465.790143 ,229.615576 ,278.447462
-224.928754 ,350.838061 ,273.940742
-376.900015 ,-83.727807 ,261.683088
-510.189806 ,-160.205663 ,-522.700391
-482.760239 ,-112.083208 ,-382.899323
474.032263 ,-249.645342 ,-242.953107
452.532595 ,-200.777540 ,-260.234867
462.195626 ,-110.844121 ,-169.214580
-430.907741 ,-88.667005 ,-225.787062
-463.893355 ,66.241135 ,-102.962085
-516.624589 ,50.028263 ,-114.959050
-525.863989 ,173.002379 ,-151.397197
-514.088694 ,340.640194 ,-121.430652
-441.232533 ,396.087302 ,-184.635649
-483.505389 ,277.659594 ,-147.925417
-451.801699 ,469.151336 ,-90.046452
-388.282484 ,-450.845991 ,-41.365524
-368.289526 ,512.220877 ,-176.054875
-418.952695 ,476.947810 ,-179.356636
-423.731776 ,-299.667497 ,-95.099287
484.730852 ,-240.815953 ,-20.974907
510.202164 ,-469.787382 ,-46.000365
354.720556 ,448.487887 ,-204.347923
270.237210 ,269.994661 ,-386.052382
322.433944 ,334.493460 ,-468.364771
131.617712 ,362.732966 ,-470.832270
214.113207 ,-460.924322 ,-505.983301
190.846950 ,-401.565367 ,467.971895
209.765599 ,-255.403638 ,188.437486
121.059877 ,-246.828889 ,70.032286
-485.533673 ,-273.680418 ,158.748568
422.104674 ,-362.329088 ,-13.884917
348.539079 ,-450.750012 ,-13.670763
195.133145 ,-243.361937 ,-19.496913
99.779035 ,-192.892661 ,-11.923325
35.704216 ,-162.121654 ,-8.042404
19.750436 ,-218.882810 ,-8.065030
179.164788 ,-267.490118 ,-152.319913
197.645838 ,-325.028084 ,-180.490879
357.254642 ,-259.139288 ,-156.712673
353.629255 ,-312.842969 ,-235.460151
-494.495189 ,-310.646570 ,-292.299632
372.712133 ,-391.216755 ,-296.887590
247.596167 ,-392.033219 ,-292.752199
223.528937 ,-391.503590 ,-280.390863
491.186800 ,-439.037302 ,-482.887347
353.958922 ,-472.186584 ,-321.414657
422.055583 ,512.288609 ,456.230334
252.310659 ,-457.849433 ,-275.415648
344.797258 ,-421.982198 ,-412.179990
362.186566 ,-431.022181 ,-424.522775
412.686687 ,-387.100901 ,-424.700614
486.019311 ,-349.007440 ,-510.666064
328.027444 ,-337.003346 ,-497.597979
424.007558 ,418.815209 ,456.048571
448.026020 ,-496.892110 ,503.191454
346.160130 ,-463.714426 ,-510.160805
335.501350 ,460.425975 ,-522.393322
406.802031 ,509.111568 ,435.324630
471.804475 ,-464.684419 ,412.224404
380.990997 ,-390.052716 ,439.048943
317.734152 ,-485.567358 ,463.671571
290.031721 ,503.049306 ,505.837861
355.874116 ,55.155200 ,-505.760726
170.324855 ,-492.913662 ,-526.795860
401.641880 ,505.791693 ,452.826582
422.685482 ,488.007641 ,431.708202
464.046259 ,475.040004 ,440.213432
447.040059 ,-427.827585 ,412.418921
422.318635 ,517.340205 ,382.815408
-509.051395 ,-431.961702 ,380.594861
491.512915 ,-423.574458 ,412.199046
-506.061278 ,-341.954378 ,434.938016
-341.127669 ,-342.114047 ,355.425949
-230.922235 ,-360.060255 ,326.858130
-288.858234 ,-262.187817 ,194.474185
-139.212877 ,-346.221274 ,436.548323
-3.524341 ,-349.164457 ,390.395972
-49.443802 ,-339.745581 ,280.514085
50.585558 ,-350.648560 ,201.314571
136.835176 ,-226.061706 ,255.295000
121.537831 ,-307.113929 ,225.505599
199.941777 ,-381.337763 ,279.160858
130.528774 ,-331.494852 ,242.896398
185.493757 ,-271.968476 ,312.650912
186.555489 ,-332.475670 ,352.742044
266.289897 ,-301.221869 ,385.606359
